50.000000 3.520000 -4.820000
75.000000 3.520000 -4.840000
100.000000 3.520000 -4.590000
125.000000 3.520000 -5.630000
150.000000 3.520000 -5.870000
175.000000 3.480000 -6.740000
200.000000 3.480000 -6.450000
225.000000 3.480000 -8.070000
250.000000 3.480000 -9.450000
275.000000 3.440000 -10.230000
300.000000 3.440000 -12.820000
325.000000 3.400000 -14.050000
350.000000 3.400000 -13.750000
375.000000 3.400000 -14.740000
400.000000 3.360000 -15.760000
425.000000 3.320000 -17.980000
450.000000 3.320000 -17.810000
475.000000 3.280000 -18.970000
500.000000 3.240000 -21.350000
525.000000 3.240000 -20.780000
550.000000 3.200000 -21.860000
575.000000 3.160000 -23.990000
600.000000 3.160000 -23.680000
625.000000 3.120000 -24.630000
650.000000 3.080000 -27.030000
675.000000 3.080000 -26.450000
700.000000 3.040000 -27.520000
725.000000 3.040000 -29.650000
750.000000 3.000000 -30.490000
775.000000 2.960000 -29.880000
800.000000 2.960000 -32.130000
825.000000 2.920000 -33.060000
850.000000 2.880000 -32.400000
875.000000 2.880000 -34.620000
900.000000 2.840000 -35.530000
925.000000 2.800000 -34.730000
950.000000 2.800000 -36.450000
975.000000 2.760000 -37.490000
1000.000000 2.720000 -38.790000
1025.000000 2.720000 -38.960000
1050.000000 2.720000 -39.580000
1075.000000 2.720000 -40.090000
1100.000000 2.640000 -41.380000
1125.000000 2.640000 -41.610000
1150.000000 2.600000 -41.800000
1175.000000 2.640000 -40.700000
1200.000000 2.560000 -43.470000
1225.000000 2.520000 -43.650000
1250.000000 2.480000 -42.450000
1275.000000 2.480000 -44.710000
1300.000000 2.440000 -45.460000
1325.000000 2.400000 -45.840000
1350.000000 2.400000 -46.730000
1375.000000 2.400000 -47.300000
1400.000000 2.320000 -48.010000
1425.000000 2.320000 -48.280000
1450.000000 2.400000 -48.900000
1475.000000 2.280000 -46.730000
1500.000000 2.240000 -49.740000
1525.000000 2.320000 -50.020000
1550.000000 2.320000 -50.680000
1575.000000 2.320000 -49.090000
1600.000000 2.240000 -51.800000
1625.000000 2.160000 -51.550000
1650.000000 2.160000 -52.480000
1675.000000 2.080000 -52.930000
1700.000000 2.160000 -53.140000
1725.000000 2.160000 -53.470000
1750.000000 2.040000 -51.460000
1775.000000 2.120000 -54.480000
1800.000000 2.080000 -54.780000
1825.000000 2.000000 -55.140000
1850.000000 1.960000 -52.960000
1875.000000 1.920000 -55.230000
1900.000000 1.920000 -55.620000
1925.000000 2.000000 -56.110000
1950.000000 1.920000 -55.260000
1975.000000 1.840000 -54.160000
2000.000000 1.840000 -57.360000
2025.000000 1.920000 -57.350000
2050.000000 1.920000 -57.620000
2075.000000 1.840000 -58.160000
2100.000000 1.800000 -55.220000
2125.000000 1.880000 -58.660000
2150.000000 1.840000 -59.120000
2175.000000 1.840000 -59.380000
2200.000000 1.840000 -59.030000
2225.000000 1.720000 -57.260000
2250.000000 1.680000 -59.910000
2275.000000 1.760000 -60.270000
2300.000000 1.760000 -60.720000
2325.000000 1.760000 -59.980000
2350.000000 1.760000 -59.890000
2375.000000 1.600000 -58.230000
2400.000000 1.680000 -61.280000
2425.000000 1.600000 -61.790000
2450.000000 1.680000 -61.910000
2475.000000 1.680000 -62.140000
2500.000000 1.680000 -61.830000
2525.000000 1.520000 -62.580000
2550.000000 1.520000 -62.150000
2575.000000 1.600000 -62.690000
2600.000000 1.600000 -62.820000
2625.000000 1.600000 -63.020000
2650.000000 1.600000 -63.160000
2675.000000 1.600000 -63.480000
2700.000000 1.600000 -63.210000
2725.000000 1.560000 -63.880000
2750.000000 1.520000 -63.510000
2775.000000 1.520000 -64.710000
2800.000000 1.520000 -64.220000
2825.000000 1.520000 -64.340000
2875.000000 1.520000 -65.290000
2900.000000 1.480000 -65.220000
2925.000000 1.440000 -61.880000
2950.000000 1.440000 -65.440000
3000.000000 1.440000 -65.380000
3025.000000 1.440000 -65.610000
3050.000000 1.440000 -66.170000
3075.000000 1.440000 -65.840000
3100.000000 1.280000 -66.510000
3125.000000 1.280000 -65.930000
3150.000000 1.360000 -66.700000
3175.000000 1.360000 -66.360000
3200.000000 1.360000 -66.770000
3225.000000 1.360000 -67.320000
3250.000000 1.360000 -67.210000
3275.000000 1.360000 -66.940000
3300.000000 1.360000 -67.680000
3325.000000 1.360000 -66.970000
3375.000000 1.280000 -64.310000
3400.000000 1.320000 -67.410000
3425.000000 1.280000 -68.270000
3450.000000 1.280000 -67.970000
3475.000000 1.280000 -68.490000
3500.000000 1.280000 -68.710000
3525.000000 1.280000 -67.890000
3550.000000 1.280000 -68.480000
3575.000000 1.280000 -68.560000
3600.000000 1.280000 -63.540000
3625.000000 1.240000 -68.760000
3650.000000 1.200000 -64.840000
3675.000000 1.200000 -69.360000
3700.000000 1.200000 -64.760000
3725.000000 1.200000 -69.300000
3750.000000 1.200000 -69.530000
3775.000000 1.200000 -69.330000
3800.000000 1.200000 -69.530000
3825.000000 1.200000 -69.790000
3850.000000 1.200000 -69.760000
3875.000000 1.200000 -70.260000
3900.000000 1.200000 -70.040000
3925.000000 1.200000 -70.000000
3950.000000 1.160000 -69.750000
3975.000000 1.160000 -69.970000
4000.000000 1.160000 -69.970000
4025.000000 1.120000 -70.160000
4050.000000 1.120000 -71.020000
4075.000000 1.120000 -70.900000
4100.000000 1.120000 -69.900000
4125.000000 1.120000 -70.400000
4150.000000 1.120000 -70.670000
4175.000000 1.120000 -70.680000
4200.000000 1.120000 -71.250000
4225.000000 1.120000 -70.780000
4250.000000 1.120000 -65.940000
4275.000000 1.080000 -71.600000
4300.000000 1.040000 -70.420000
4325.000000 1.040000 -70.890000
4350.000000 1.080000 -70.870000
4375.000000 1.040000 -71.060000
4400.000000 1.040000 -71.470000
4425.000000 1.040000 -71.500000
4450.000000 1.040000 -71.210000
4475.000000 1.040000 -71.660000
4500.000000 1.040000 -70.310000
4525.000000 1.040000 -71.640000
4550.000000 1.040000 -70.700000
4575.000000 1.040000 -72.250000
4600.000000 1.040000 -72.190000
4625.000000 1.040000 -72.650000
4650.000000 1.040000 -72.420000
4675.000000 1.000000 -72.760000
4700.000000 0.960000 -67.740000
4725.000000 0.960000 -73.050000
4750.000000 0.960000 -67.070000
4775.000000 0.960000 -71.770000
4800.000000 0.960000 -71.930000
4825.000000 0.960000 -72.150000
4850.000000 0.960000 -72.630000
4875.000000 0.960000 -73.230000
4900.000000 0.960000 -73.230000
4925.000000 0.960000 -73.070000
4950.000000 0.960000 -73.460000
4975.000000 0.960000 -73.490000
5000.000000 0.960000 -73.870000
5025.000000 0.960000 -73.090000
5050.000000 0.960000 -73.360000
5075.000000 0.960000 -74.010000
5100.000000 0.960000 -73.870000
5125.000000 0.920000 -73.420000
5150.000000 0.920000 -73.170000
5175.000000 0.920000 -67.860000
5200.000000 0.880000 -67.720000
5225.000000 0.920000 -67.470000
5250.000000 0.920000 -73.400000
5275.000000 0.920000 -72.680000
5300.000000 0.880000 -73.360000
5325.000000 0.880000 -73.930000
5350.000000 0.880000 -73.950000
5375.000000 0.880000 -74.110000
5400.000000 0.880000 -73.020000
5425.000000 0.880000 -72.770000
5450.000000 0.880000 -73.480000
5475.000000 0.880000 -73.770000
5500.000000 0.880000 -73.930000
5525.000000 0.880000 -72.830000
5550.000000 0.880000 -73.860000
5575.000000 0.880000 -74.770000
5600.000000 0.880000 -74.360000
5625.000000 0.880000 -74.170000
5650.000000 0.880000 -73.940000
5675.000000 0.880000 -68.290000
5700.000000 0.880000 -73.930000
5725.000000 0.880000 -73.480000
5750.000000 0.880000 -68.100000
5775.000000 0.840000 -73.760000
5800.000000 0.840000 -73.730000
5825.000000 0.840000 -73.500000
5850.000000 0.840000 -75.110000
5875.000000 0.800000 -74.180000
5900.000000 0.800000 -68.290000
5925.000000 0.640000 -68.220000
5950.000000 0.840000 -75.020000
5975.000000 0.840000 -74.700000
6000.000000 0.800000 -75.070000
6025.000000 0.800000 -75.290000
6050.000000 0.800000 -74.430000
6075.000000 0.800000 -74.350000
6100.000000 0.800000 -75.130000
6125.000000 0.800000 -74.550000
6150.000000 0.800000 -74.260000
6175.000000 0.800000 -74.470000
6200.000000 0.800000 -75.060000
6225.000000 0.800000 -75.010000
6250.000000 0.800000 -75.870000
6275.000000 0.800000 -75.850000
6300.000000 0.800000 -75.460000
6325.000000 0.800000 -75.550000
6350.000000 0.800000 -74.550000
6375.000000 0.800000 -73.900000
6400.000000 0.800000 -81.990000
6425.000000 0.800000 -72.510000
6450.000000 0.800000 -74.380000
6475.000000 0.800000 -75.490000
6500.000000 0.760000 -67.900000
6525.000000 0.760000 -75.140000
6550.000000 0.760000 -74.690000
6575.000000 0.720000 -74.330000
6600.000000 0.800000 -71.440000
6625.000000 0.760000 -73.540000
6650.000000 0.720000 -73.060000
6675.000000 0.760000 -67.950000
6700.000000 0.720000 -74.000000
6725.000000 0.720000 -74.730000
6775.000000 0.760000 -74.430000
6800.000000 0.720000 -75.700000
6825.000000 0.720000 -75.980000
6850.000000 0.720000 -75.300000
6875.000000 0.720000 -74.760000
6900.000000 0.720000 -74.650000
6925.000000 0.720000 -74.200000
6950.000000 0.720000 -75.150000
6975.000000 0.720000 -75.840000
7000.000000 0.720000 -75.740000
7025.000000 0.720000 -76.480000
7050.000000 0.720000 -75.670000
7075.000000 0.720000 -76.500000
7100.000000 0.720000 -76.280000
7125.000000 0.720000 -78.020000
7150.000000 0.720000 -74.370000
7175.000000 0.720000 -74.480000
7200.000000 0.720000 -75.990000
7250.000000 0.680000 -67.330000
7275.000000 0.680000 -74.110000
7300.000000 0.680000 -74.160000
7325.000000 0.680000 -67.120000
7350.000000 0.640000 -74.990000
7375.000000 0.680000 -75.530000
7400.000000 0.640000 -75.210000
7425.000000 0.720000 -76.390000
7450.000000 0.640000 -74.720000
7475.000000 0.640000 -76.020000
7525.000000 0.640000 -75.100000
7550.000000 0.640000 -75.160000
7575.000000 0.640000 -74.720000
7600.000000 0.680000 -76.030000
7625.000000 0.640000 -73.790000
7650.000000 0.680000 -75.270000
7675.000000 0.640000 -75.670000
7725.000000 0.640000 -75.060000
7750.000000 0.640000 -75.100000
7775.000000 0.640000 -74.660000
7800.000000 0.640000 -74.600000
7825.000000 0.640000 -74.500000
7850.000000 0.640000 -74.820000
7875.000000 0.640000 -74.280000
7900.000000 0.640000 -77.130000
7925.000000 0.640000 -76.880000
7950.000000 0.640000 -75.010000
7975.000000 0.640000 -75.390000
8000.000000 0.640000 -75.710000
