50.000000 0.490022 -2.550000
75.000000 0.490022 -5.052000
100.000000 0.489721 -5.490000
125.000000 0.488728 -6.390000
150.000000 0.487260 -7.650000
175.000000 0.485362 -8.946000
200.000000 0.483419 -10.188000
225.000000 0.481261 -11.442000
250.000000 0.478758 -12.696000
275.000000 0.476126 -13.926000
300.000000 0.473278 -15.132000
325.000000 0.470342 -16.356000
350.000000 0.467235 -17.520000
375.000000 0.463869 -18.684000
400.000000 0.460416 -19.836000
425.000000 0.456921 -20.994000
450.000000 0.453209 -22.116000
475.000000 0.449368 -23.208000
500.000000 0.445483 -24.288000
525.000000 0.441469 -25.356000
550.000000 0.437370 -26.394000
575.000000 0.433226 -27.408000
600.000000 0.428997 -28.398000
625.000000 0.424810 -29.394000
650.000000 0.420538 -30.354000
675.000000 0.416179 -31.290000
700.000000 0.411863 -32.208000
725.000000 0.407547 -33.120000
750.000000 0.403146 -33.984000
775.000000 0.398786 -34.848000
800.000000 0.394427 -35.694000
825.000000 0.390111 -36.510000
850.000000 0.385796 -37.320000
875.000000 0.381480 -38.112000
900.000000 0.377164 -38.886000
925.000000 0.372934 -39.630000
950.000000 0.368705 -40.374000
975.000000 0.364518 -41.088000
1000.000000 0.360376 -41.796000
1025.000000 0.356276 -42.486000
1050.000000 0.352217 -43.158000
1075.000000 0.348203 -43.806000
1100.000000 0.344276 -44.448000
1125.000000 0.340305 -45.078000
1150.000000 0.336420 -45.696000
1175.000000 0.332623 -46.284000
1200.000000 0.328824 -46.872000
1225.000000 0.325156 -47.436000
1250.000000 0.321445 -47.994000
1275.000000 0.317819 -48.528000
1300.000000 0.314237 -49.062000
1325.000000 0.310785 -49.590000
1350.000000 0.307289 -50.094000
1375.000000 0.303879 -50.586000
1400.000000 0.300556 -51.072000
1425.000000 0.297234 -51.534000
1450.000000 0.293997 -52.008000
1475.000000 0.290759 -52.458000
1500.000000 0.287609 -52.902000
1525.000000 0.284544 -53.328000
1550.000000 0.281481 -53.742000
1575.000000 0.278459 -54.162000
1600.000000 0.275524 -54.570000
1625.000000 0.272632 -54.966000
1650.000000 0.269784 -55.356000
1675.000000 0.266979 -55.734000
1700.000000 0.264218 -56.100000
1725.000000 0.261498 -56.472000
1750.000000 0.258822 -56.814000
1775.000000 0.256189 -57.162000
1800.000000 0.253600 -57.498000
1825.000000 0.251054 -57.834000
1850.000000 0.248593 -58.164000
1875.000000 0.246090 -58.482000
1900.000000 0.243673 -58.800000
1925.000000 0.241300 -59.106000
1950.000000 0.238970 -59.406000
1975.000000 0.236681 -59.700000
2000.000000 0.234395 -59.994000
2025.000000 0.232194 -60.270000
2050.000000 0.229992 -60.552000
2075.000000 0.227834 -60.822000
2100.000000 0.225720 -61.092000
2125.000000 0.223648 -61.350000
2150.000000 0.221576 -61.608000
2175.000000 0.219591 -61.860000
2200.000000 0.217563 -62.112000
2225.000000 0.215621 -62.352000
2250.000000 0.213722 -62.586000
2275.000000 0.211822 -62.820000
2300.000000 0.209967 -63.048000
2325.000000 0.208154 -63.276000
2350.000000 0.206298 -63.498000
2375.000000 0.204529 -63.714000
2400.000000 0.202802 -63.930000
2425.000000 0.201076 -64.134000
2450.000000 0.199393 -64.344000
2475.000000 0.197710 -64.542000
2500.000000 0.196069 -64.746000
2525.000000 0.194430 -64.932000
2550.000000 0.192832 -65.124000
2575.000000 0.191279 -65.310000
2600.000000 0.189725 -65.502000
2625.000000 0.188172 -65.688000
2650.000000 0.186661 -65.856000
2675.000000 0.185194 -66.036000
2700.000000 0.183726 -66.210000
2725.000000 0.182302 -66.378000
2750.000000 0.180878 -66.546000
2775.000000 0.179498 -66.702000
2800.000000 0.178072 -66.870000
2825.000000 0.176734 -67.026000
2850.000000 0.175396 -67.182000
2875.000000 0.174101 -67.338000
2900.000000 0.172763 -67.488000
2925.000000 0.171512 -67.632000
2950.000000 0.170260 -67.782000
2975.000000 0.168966 -67.926000
3000.000000 0.167757 -68.076000
3025.000000 0.166505 -68.202000
3050.000000 0.165340 -68.340000
3075.000000 0.164132 -68.484000
3100.000000 0.162967 -68.616000
3125.000000 0.161844 -68.742000
3150.000000 0.160679 -68.874000
3175.000000 0.159557 -68.994000
3200.000000 0.158478 -69.126000
3225.000000 0.157357 -69.252000
3250.000000 0.156278 -69.366000
3275.000000 0.155241 -69.492000
3300.000000 0.154206 -69.606000
3325.000000 0.153127 -69.726000
3350.000000 0.152134 -69.834000
3375.000000 0.151099 -69.954000
3400.000000 0.150106 -70.056000
3425.000000 0.149113 -70.170000
3450.000000 0.148163 -70.272000
3475.000000 0.147214 -70.380000
3500.000000 0.146265 -70.482000
3525.000000 0.145315 -70.590000
3550.000000 0.144408 -70.692000
3575.000000 0.143502 -70.794000
3600.000000 0.142553 -70.896000
3625.000000 0.141646 -70.992000
3650.000000 0.140783 -71.082000
3675.000000 0.139920 -71.184000
3700.000000 0.139057 -71.280000
3725.000000 0.138194 -71.364000
3750.000000 0.137374 -71.460000
3775.000000 0.136554 -71.544000
3800.000000 0.135734 -71.640000
3825.000000 0.134871 -71.724000
3850.000000 0.134094 -71.814000
3875.000000 0.133317 -71.892000
3900.000000 0.132540 -71.982000
3925.000000 0.131720 -72.060000
3950.000000 0.130943 -72.144000
3975.000000 0.130209 -72.222000
4000.000000 0.129476 -72.306000
4025.000000 0.128699 -72.384000
4050.000000 0.127965 -72.462000
4075.000000 0.127275 -72.534000
4100.000000 0.126541 -72.612000
4125.000000 0.125850 -72.690000
4150.000000 0.125117 -72.768000
4175.000000 0.124469 -72.840000
4200.000000 0.123779 -72.906000
4225.000000 0.123088 -72.978000
4250.000000 0.122441 -73.056000
4275.000000 0.121750 -73.116000
4300.000000 0.121060 -73.194000
4325.000000 0.120413 -73.260000
4350.000000 0.119765 -73.320000
4375.000000 0.119161 -73.392000
4400.000000 0.118514 -73.458000
4425.000000 0.117866 -73.524000
4450.000000 0.117262 -73.584000
4475.000000 0.116658 -73.644000
4500.000000 0.116053 -73.704000
4525.000000 0.115449 -73.764000
4550.000000 0.114845 -73.836000
4575.000000 0.114284 -73.884000
4600.000000 0.113680 -73.950000
4625.000000 0.113119 -74.010000
4650.000000 0.112558 -74.070000
4675.000000 0.111997 -74.124000
4700.000000 0.111436 -74.178000
4725.000000 0.110874 -74.238000
4750.000000 0.110313 -74.298000
4775.000000 0.109796 -74.346000
4800.000000 0.109235 -74.394000
4825.000000 0.108717 -74.448000
4850.000000 0.108199 -74.502000
4875.000000 0.107681 -74.550000
4900.000000 0.107120 -74.604000
4925.000000 0.106645 -74.658000
4950.000000 0.106127 -74.706000
4975.000000 0.105609 -74.760000
5000.000000 0.105134 -74.808000
5025.000000 0.104617 -74.856000
5050.000000 0.104142 -74.904000
5075.000000 0.103667 -74.952000
5100.000000 0.103149 -75.000000
5125.000000 0.102674 -75.036000
5150.000000 0.102243 -75.078000
5175.000000 0.101768 -75.132000
5200.000000 0.101293 -75.174000
5225.000000 0.100819 -75.216000
5250.000000 0.100344 -75.258000
5275.000000 0.099955 -75.300000
5300.000000 0.099481 -75.342000
5325.000000 0.099049 -75.390000
5350.000000 0.098574 -75.420000
5375.000000 0.098143 -75.468000
5400.000000 0.097711 -75.504000
5425.000000 0.097280 -75.552000
5450.000000 0.096891 -75.594000
5475.000000 0.096460 -75.630000
5500.000000 0.096028 -75.666000
5525.000000 0.095640 -75.702000
5550.000000 0.095208 -75.744000
5575.000000 0.094820 -75.786000
5600.000000 0.094388 -75.810000
5625.000000 0.094000 -75.852000
5650.000000 0.093611 -75.900000
5675.000000 0.093223 -75.924000
5700.000000 0.092834 -75.954000
5725.000000 0.092446 -76.002000
5750.000000 0.092058 -76.032000
5775.000000 0.091669 -76.062000
5800.000000 0.091281 -76.098000
5825.000000 0.090892 -76.128000
5850.000000 0.090547 -76.164000
5875.000000 0.090159 -76.200000
5900.000000 0.089813 -76.236000
5925.000000 0.089468 -76.254000
5950.000000 0.089080 -76.290000
5975.000000 0.088734 -76.332000
6000.000000 0.088389 -76.350000
6025.000000 0.088043 -76.392000
6050.000000 0.087698 -76.416000
6075.000000 0.087353 -76.458000
6100.000000 0.087008 -76.482000
6125.000000 0.086662 -76.506000
6150.000000 0.086317 -76.536000
6175.000000 0.085972 -76.560000
6200.000000 0.085670 -76.590000
6225.000000 0.085324 -76.638000
6250.000000 0.084979 -76.650000
6275.000000 0.084677 -76.680000
6300.000000 0.084375 -76.710000
6325.000000 0.084030 -76.740000
6350.000000 0.083728 -76.770000
6375.000000 0.083382 -76.788000
6400.000000 0.083080 -76.818000
6425.000000 0.082778 -76.836000
6450.000000 0.082476 -76.866000
6475.000000 0.082174 -76.902000
6500.000000 0.081872 -76.926000
6525.000000 0.081570 -76.962000
6550.000000 0.081224 -76.980000
6575.000000 0.080965 -76.998000
6600.000000 0.080663 -77.034000
6625.000000 0.080361 -77.058000
6650.000000 0.080102 -77.082000
6675.000000 0.079800 -77.100000
6700.000000 0.079498 -77.124000
6725.000000 0.079239 -77.148000
6750.000000 0.078937 -77.172000
6775.000000 0.078635 -77.190000
6800.000000 0.078376 -77.220000
6825.000000 0.078117 -77.244000
6850.000000 0.077815 -77.268000
6875.000000 0.077556 -77.280000
6900.000000 0.077297 -77.304000
6925.000000 0.077038 -77.328000
6950.000000 0.076736 -77.358000
6975.000000 0.076477 -77.364000
7000.000000 0.076218 -77.394000
7025.000000 0.075959 -77.406000
7050.000000 0.075700 -77.436000
7075.000000 0.075441 -77.442000
7100.000000 0.075182 -77.478000
7125.000000 0.074923 -77.490000
7150.000000 0.074708 -77.496000
7175.000000 0.074449 -77.532000
7200.000000 0.074190 -77.544000
7225.000000 0.073931 -77.556000
7250.000000 0.073672 -77.592000
7275.000000 0.073413 -77.604000
7300.000000 0.073197 -77.622000
7325.000000 0.072981 -77.640000
7350.000000 0.072722 -77.652000
7375.000000 0.072463 -77.664000
7400.000000 0.072248 -77.688000
7425.000000 0.071989 -77.718000
7450.000000 0.071773 -77.736000
7475.000000 0.071514 -77.754000
7500.000000 0.071341 -77.772000
7525.000000 0.071082 -77.772000
7550.000000 0.070866 -77.790000
7575.000000 0.070607 -77.808000
7600.000000 0.070392 -77.826000
7625.000000 0.070176 -77.850000
7650.000000 0.069960 -77.868000
7675.000000 0.069744 -77.868000
7700.000000 0.069529 -77.892000
7725.000000 0.069313 -77.910000
7750.000000 0.069097 -77.910000
7775.000000 0.068881 -77.934000
7800.000000 0.068665 -77.940000
7825.000000 0.068449 -77.958000
7850.000000 0.068234 -77.982000
7875.000000 0.068018 -77.988000
7900.000000 0.067802 -78.006000
7925.000000 0.067586 -78.012000
7950.000000 0.067371 -78.036000
7975.000000 0.067198 -78.042000
8000.000000 0.066982 -78.048000
